notas:

    34 40%
    56 20%
    65 40%

x = 49.6 

pasos = 
  
    34 * 0.40 = 13.6

    " para sacar el 40 porciento de 34

    50 * 0.20 = 10
    65 * 0.40 = 26

    " se suman los resultados

    13.6 + 10 + 26 = 49.6
